0.000000000000000000e+00 0.000000000000000000e+00
1.000000000000000082e-05 4.629204411488212906e-02
1.016265089392995130e-05 4.654147974014495592e-02
1.032794731918952453e-05 4.679225725552237092e-02
1.049593230558226690e-05 4.704438384507188264e-02
1.066664958279538781e-05 4.729786673074303643e-02
1.084014359178330984e-05 4.755271317256772046e-02
1.101645949633656847e-05 4.780893046885166531e-02
1.119564319483879364e-05 4.806652595636649872e-02
1.137774133221490236e-05 4.832550701054270925e-02
1.156280131207375302e-05 4.858588104566349819e-02
1.175087130904807549e-05 4.884765551505917958e-02
1.194200028133532407e-05 4.911083791130256559e-02
1.213623798344241821e-05 4.937543576640524012e-02
1.233363497913774693e-05 4.964145665201437352e-02
1.253424265461399484e-05 4.990890817961070314e-02
1.273811323186478452e-05 5.017779800070692325e-02
1.294529978227916069e-05 5.044813380704715744e-02
1.315585624045705155e-05 5.071992333080718729e-02
1.336983741824945150e-05 5.099317434479538197e-02
1.358729901902709093e-05 5.126789466267020479e-02
1.380829765218092365e-05 5.154409213908001802e-02
1.403289084785873161e-05 5.182177466996130966e-02
1.426113707194129759e-05 5.210095019267923372e-02
1.449309574126215066e-05 5.238162668624871121e-02
1.472882723907501804e-05 5.266381217154036953e-02
1.496839293077255598e-05 5.294751471148698152e-02
1.521185517986104894e-05 5.323274241129112572e-02
1.545927736419478539e-05 5.351950341863335320e-02
1.571072389247448757e-05 5.380780592388120787e-02
1.596626022101425084e-05 5.409765816029930841e-02
1.622595287078087002e-05 5.438906840425963840e-02
1.648986944471064877e-05 5.468204497545340464e-02
1.675807864530768815e-05 5.497659623710301341e-02
1.703065029252842484e-05 5.527273059617521939e-02
1.730765534195724041e-05 5.557045650359515587e-02
1.758916590327732596e-05 5.586978245446067026e-02
1.787525525904235524e-05 5.617071698825801263e-02
1.816599788375328615e-05 5.647326868907794756e-02
1.846146946324545750e-05 5.677744618583285829e-02
1.876174691439119540e-05 5.708325815247457941e-02
1.906690840512252017e-05 5.739071330821288869e-02
1.937703337477988979e-05 5.769982041773493581e-02
1.969220255479173340e-05 5.801058829142548279e-02
2.001249798969034841e-05 5.832302578558773432e-02
2.033800305846979900e-05 5.863714180266522968e-02
2.066880249629082024e-05 5.895294529146411638e-02
2.100498241653915194e-05 5.927044524737662412e-02
2.134663033324245526e-05 5.958965071260492047e-02
2.169383518385182289e-05 5.991057077638606287e-02
2.204668735239407619e-05 6.023321457521760292e-02
2.240527869300018224e-05 6.055759129308371791e-02
2.276970255381680078e-05 6.088371016168243194e-02
2.314005380130654141e-05 6.121158046065342667e-02
2.351642884494351072e-05 6.154121151780661547e-02
2.389892566231047836e-05 6.187261270935148771e-02
2.428764382460450616e-05 6.220579346012725108e-02
2.468268452255692542e-05 6.254076324383349428e-02
2.508415059277541105e-05 6.287753158326185587e-02
2.549214654451425796e-05 6.321610805052821358e-02
2.590677858688006290e-05 6.355650226730574781e-02
2.632815465648020122e-05 6.389872390505871302e-02
2.675638444552045131e-05 6.424278268527668090e-02
2.719157943036018971e-05 6.458868837970989374e-02
2.763385290053172626e-05 6.493645081058774249e-02
2.808331998823169760e-05 6.528607985092431398e-02
2.854009769829237591e-05 6.563758542465231161e-02
2.900430493863991665e-05 6.599097750692960174e-02
2.947606255124858463e-05 6.634626612436098081e-02
2.995549334359816181e-05 6.670346135523722020e-02
3.044272212064299681e-05 6.706257332977513808e-02
3.093787571730136646e-05 6.742361223035825413e-02
3.144108303147264728e-05 6.778658829177788836e-02
3.195247505759213607e-05 6.815151180147531462e-02
3.247218492073131901e-05 6.851839309978416392e-02
3.300034791125282203e-05 6.888724258017372981e-02
3.353710152002928861e-05 6.925807068949282885e-02
3.408258547423451975e-05 6.963088792821411910e-02
3.463694177371734559e-05 7.000570485067934834e-02
3.520031472796682762e-05 7.038253206534485218e-02
3.577285099367869843e-05 7.076138023502788477e-02
3.635469961293317630e-05 7.114226007715374056e-02
3.694601205199302477e-05 7.152518236400265406e-02
3.754694224073336996e-05 7.191015792295829545e-02
3.815764661271252544e-05 7.229719763675603039e-02
3.877828414589453094e-05 7.268631244373217892e-02
3.940901640403447737e-05 7.307751333807376015e-02
4.005000757873611187e-05 7.347081137006841733e-02
4.070142453219438740e-05 7.386621764635528664e-02
4.136343684063277602e-05 7.426374333017621288e-02
4.203621683844718370e-05 7.466339964162747866e-02
4.271993966306776293e-05 7.506519785791185284e-02
4.341478330055092185e-05 7.546914931359155476e-02
4.412092863191189777e-05 7.587526540084107984e-02
4.483855948021190816e-05 7.628355756970094104e-02
4.556786265841068756e-05 7.669403732833171561e-02
4.630902801799736631e-05 7.710671624326845275e-02
4.706224849841281693e-05 7.752160593967556690e-02
4.782772017727485219e-05 7.793871810160211966e-02
4.860564232142138599e-05 7.835806447223742088e-02
4.939621743878325959e-05 7.877965685416703223e-02
5.019965133110079395e-05 7.920350710962928420e-02
5.101615314749833907e-05 7.962962716077200132e-02
5.184593543892913273e-05 8.005802898990925509e-02
5.268921421350677227e-05 8.048872463977915781e-02
5.354620899273612700e-05 8.092172621380123998e-02
5.441714286865887681e-05 8.135704587633442453e-02
5.530224256192900478e-05 8.179469585293548672e-02
5.620173848083187778e-05 8.223468843063497236e-02
5.711586478126435033e-05 8.267703595812414541e-02
5.804485942768983719e-05 8.312175084612287435e-02
5.898896425508493637e-05 8.356884556756516425e-02
5.994842503189408905e-05 8.401833265787722604e-02
6.092349152400711648e-05 8.447022471523667198e-02
6.191441755977847869e-05 8.492453440083214122e-02
6.292146109610350833e-05 8.538127443912313375e-02
6.394488428556936667e-05 8.584045761809948327e-02
6.498495354469888900e-05 8.630209678954162134e-02
6.604193962330304700e-05 8.676620486928005027e-02
6.711611767496287204e-05 8.723279483745562113e-02
6.820776732865691926e-05 8.770187973877933973e-02
6.931717276155400522e-05 8.817347268279218664e-02
7.044462277299036847e-05 8.864758684412551992e-02
7.159041085964888522e-05 8.912423546276028452e-02
7.275483529196232206e-05 8.960343184428724850e-02
7.393819919175873207e-05 9.008518936016646217e-02
7.514081061116962114e-05 9.056952144798680049e-02
7.636298261282241959e-05 9.105644161172553319e-02
7.760503335133570393e-05 9.154596342200732595e-02
7.886728615614156353e-05 9.203810051636322764e-02
8.015006961565413965e-05 9.253286659948957438e-02
8.145371766280736284e-05 9.303027544350621347e-02
8.277856966198472461e-05 9.353034088821528258e-02
8.412497049736118173e-05 9.403307684135825406e-02
8.549327066268385105e-05 9.453849727887406185e-02
8.688382635251193202e-05 9.504661624515610419e-02
8.829699955494083421e-05 9.555744785330877455e-02
8.973315814583520257e-05 9.607100628540415910e-02
9.119267598459298522e-05 9.658730579273744343e-02
9.267593301146882789e-05 9.710636069608236109e-02
9.418331534647960399e-05 9.762818538594598972e-02
9.571521538991856182e-05 9.815279432282281169e-02
9.727203192450537027e-05 9.868020203744860830e-02
9.885417021919573925e-05 9.921042313105296606e-02
1.004620421346813112e-04 9.974347227561174145e-02
1.020960662306046523e-04 1.002793642140985264e-01
1.037566678745185890e-04 1.008181137607355449e-01
1.054442793526168466e-04 1.013597358012433974e-01
1.071593399822671198e-04 1.019042452930903897e-01
1.089022962263730567e-04 1.024516572657406532e-01
1.106736018095973433e-04 1.030019868209015310e-01
1.124737178364751899e-04 1.035552491327701025e-01
1.143031129114478576e-04 1.041114594482759059e-01
1.161622632608501891e-04 1.046706330873348745e-01
1.180516528568805612e-04 1.052327854430787912e-01
1.199717735435884303e-04 1.057979319821061859e-01
1.219231251649110739e-04 1.063660882447214628e-01
1.239062156947915523e-04 1.069372698451741682e-01
1.259215613694150942e-04 1.075114924718979098e-01
1.279696868215941666e-04 1.080887718877470011e-01
1.300511252173409775e-04 1.086691239302326195e-01
1.321664183946605190e-04 1.092525645117568417e-01
1.343161170046015297e-04 1.098391096198457623e-01
1.365007806546013845e-04 1.104287753173806841e-01
1.387209780541621008e-04 1.110215777428278372e-01
1.409772871628967624e-04 1.116175331104665713e-01
1.432702953409830901e-04 1.122166577106157859e-01
1.456005995020648682e-04 1.128189679098585974e-01
1.479688062686396383e-04 1.134244801512653555e-01
1.503755321299738291e-04 1.140332109546143696e-01
1.528214036025870941e-04 1.146451769166113160e-01
1.553070573933459984e-04 1.152603947111062038e-01
1.578331405652116427e-04 1.158788810893084942e-01
1.604003107056819902e-04 1.165006528800001662e-01
1.630092360979741085e-04 1.171257269897462566e-01
1.656605958949915094e-04 1.177541204031037209e-01
1.683550802961202269e-04 1.183858501828274346e-01
1.710933907269013374e-04 1.190209334700742944e-01
1.738762400216250527e-04 1.196593874846045846e-01
1.767043526088946592e-04 1.203012295249807767e-01
1.795784647002096894e-04 1.209464769687640662e-01
1.824993244816152445e-04 1.215951472727078153e-01
1.854676923084697527e-04 1.222472579729488723e-01
1.884843409033795474e-04 1.229028266851954626e-01
1.915500555573527931e-04 1.235618711049122909e-01
1.946656343342263208e-04 1.242244090075032559e-01
1.978318882784164360e-04 1.248904582484902381e-01
2.010496416260497009e-04 1.255600367636896253e-01
2.043197320195270594e-04 1.262331625693849935e-01
2.076430107255774669e-04 1.269098537624966661e-01
2.110203428568596521e-04 1.275901285207479974e-01
2.144526075971667385e-04 1.282740051028281869e-01
2.179406984302953594e-04 1.289615018485514575e-01
2.214855233726359179e-04 1.296526371790125698e-01
2.250880052095461704e-04 1.303474295967385066e-01
2.287490817355704211e-04 1.310458976858366320e-01
2.324697059985647986e-04 1.317480601121384653e-01
2.362508465477945068e-04 1.324539356233430387e-01
2.400934876860651764e-04 1.331635430491399097e-01
2.439986297259550199e-04 1.338769013013601517e-01
2.479672892502159890e-04 1.345940293740904847e-01
2.520004993764092018e-04 1.353149463437994249e-01
2.560993100258456825e-04 1.360396713694556892e-01
2.602647881969004482e-04 1.367682236926416051e-01
2.644980182427719858e-04 1.375006226376620233e-01
2.688001021537607393e-04 1.382368876116484291e-01
2.731721598441376204e-04 1.389770381046575298e-01
2.776153294436797922e-04 1.397210936897655131e-01
2.821307675939470740e-04 1.404690740231563928e-01
2.867196497493769728e-04 1.412209988442052477e-01
2.913831704832788461e-04 1.419768879755559099e-01
2.961225437988034676e-04 1.427367613231933230e-01
3.009390034449721313e-04 1.435006388765097673e-01
3.058338032378431388e-04 1.442685407083654503e-01
3.108082173869063645e-04 1.450404869751429904e-01
3.158635408267818990e-04 1.458164979167958508e-01
3.210010895543171532e-04 1.465965938568903892e-01
3.262222009711669896e-04 1.473807952026416623e-01
3.315282342319423150e-04 1.481691224449425415e-01
3.369205705980267201e-04 1.489615961583861115e-01
3.424006137971425897e-04 1.497582370012813247e-01
3.479697903887691386e-04 1.505590657156614942e-01
3.536295501355042614e-04 1.513641031272859594e-01
3.593813663804625697e-04 1.521733701456338406e-01
3.652267364308175480e-04 1.529868877638912439e-01
3.711671819475766804e-04 1.538046770589297507e-01
3.772042493416997554e-04 1.546267591912780515e-01
3.833395101766601514e-04 1.554531554050851139e-01
3.895745615775500948e-04 1.562838870280753856e-01
3.959110266468458469e-04 1.571189754714955589e-01
4.023505548869293143e-04 1.579584422300531199e-01
4.088948226294864268e-04 1.588023088818460438e-01
4.155455334718875077e-04 1.596505970882834968e-01
4.223044187206672164e-04 1.605033285939980181e-01
4.291732378422157359e-04 1.613605252267482915e-01
4.361537789208005771e-04 1.622222088973118426e-01
4.432478591240400501e-04 1.630884015993692981e-01
4.504573251759458222e-04 1.639591254093779316e-01
4.577840538376616304e-04 1.648344024864358826e-01
4.652299523960189294e-04 1.657142550721355800e-01
4.727969591600390906e-04 1.665987054904070619e-01
4.804870439655133953e-04 1.674877761473475835e-01
4.883022086877879990e-04 1.683814895310557225e-01
4.962444877628913436e-04 1.692798682114241560e-01
5.043159487171358559e-04 1.701829348399507280e-01
5.125186927053333079e-04 1.710907121495237604e-01
5.208548550577665184e-04 1.720032229541982594e-01
5.293266058360561205e-04 1.729204901489600488e-01
5.379361503980697925e-04 1.738425367094781071e-01
5.466857299720180412e-04 1.747693856918439981e-01
5.555776222398877860e-04 1.757010602322988668e-01
5.646141419303672649e-04 1.766375835469470856e-01
5.737976414214134013e-04 1.775789789314573819e-01
5.831305113526218760e-04 1.785252697607500882e-01
5.926151812475552710e-04 1.794764794886703485e-01
6.022541201461927831e-04 1.804326316476478620e-01
6.120498372476703168e-04 1.813937498483423061e-01
6.220048825634712014e-04 1.823598577792734654e-01
6.321218475812448011e-04 1.833309792064376498e-01
6.424033659394191159e-04 1.843071379729082915e-01
6.528521141127847493e-04 1.852883579984208884e-01
6.634708121092351002e-04 1.862746632789428203e-01
6.742622241778341904e-04 1.872660778862269004e-01
6.852291595284057662e-04 1.882626259673487179e-01
6.963744730628222430e-04 1.892643317442267992e-01
7.077010661181889735e-04 1.902712195131265327e-01
7.192118872221193223e-04 1.912833136441462467e-01
7.309099328602910398e-04 1.923006385806859675e-01
7.427982482564910198e-04 1.933232188388982753e-01
7.548799281653431614e-04 1.943510790071206751e-01
7.671581176779302151e-04 1.953842437452888992e-01
7.796360130405237399e-04 1.964227377843324740e-01
7.923168624866253540e-04 1.974665859255494149e-01
8.052039670825469593e-04 1.985158130399623522e-01
8.183006815867389754e-04 1.995704440676541180e-01
8.316104153230961067e-04 2.006305040170824894e-01
8.451366330684721229e-04 2.016960179643748352e-01
8.588828559546249353e-04 2.027670110526009206e-01
8.728526623848371089e-04 2.038435084910244777e-01
8.870496889654402514e-04 2.049255355543324608e-01
9.014776314524917782e-04 2.060131175818416815e-01
9.161402457138521178e-04 2.071062799766831830e-01
9.310413487069074982e-04 2.082050482049625506e-01
9.461848194721992787e-04 2.093094477948974075e-01
9.615746001432095213e-04 2.104195043359296802e-01
9.772146969725724417e-04 2.115352434778175195e-01
9.931091813749799713e-04 2.126566909296843111e-01
1.009262190987047277e-03 2.137838724590776507e-01
1.025677930744421868e-03 2.149168138909666459e-01
1.042360673976401152e-03 2.160555411067303366e-01
1.059314763518370058e-03 2.172000800431160838e-01
1.076544612842315982e-03 2.183504566911703137e-01
1.094054707205742438e-03 2.195066970951410901e-01
1.111849604819271095e-03 2.206688273513528475e-01
1.129933938033221693e-03 2.218368736070508163e-01
1.148312414543511137e-03 2.230108620592181068e-01
1.166989818617147380e-03 2.241908189533601825e-01
1.185971012337669371e-03 2.253767705822609657e-01
1.205260936870842505e-03 2.265687432847064975e-01
1.224864613750930708e-03 2.277667634441771505e-01
1.244787146187906202e-03 2.289708574875083946e-01
1.265033720395903781e-03 2.301810518835170627e-01
1.285609606943295159e-03 2.313973731415957247e-01
1.306520162124721234e-03 2.326198478102724787e-01
1.327770829355428986e-03 2.338485024757356312e-01
1.349367140588306375e-03 2.350833637603239878e-01
1.371314717753945684e-03 2.363244583209803407e-01
1.393619274224142113e-03 2.375718128476690394e-01
1.416286616299198848e-03 2.388254540617563149e-01
1.439322644719406375e-03 2.400854087143520499e-01
1.462733356201129922e-03 2.413517035846143299e-01
1.486524844997857194e-03 2.426243654780132208e-01
1.510703304486654165e-03 2.439034212245558553e-01
1.535275028780422714e-03 2.451888976769705797e-01
1.560246414366369501e-03 2.464808217088492459e-01
1.585623961771137104e-03 2.477792202127478416e-01
1.611414277253019837e-03 2.490841200982448767e-01
1.637624074521687283e-03 2.503955482899547502e-01
1.664260176485903671e-03 2.517135317254987070e-01
1.691329517029648791e-03 2.530380973534282485e-01
1.718839142817145697e-03 2.543692721311052729e-01
1.746796215127245774e-03 2.557070830225339764e-01
1.775208011717634149e-03 2.570515569961447366e-01
1.804081928719382779e-03 2.584027210225313675e-01
1.833425482562290763e-03 2.597606020721376918e-01
1.863246311931559835e-03 2.611252271128943758e-01
1.893552179756295304e-03 2.624966231078056933e-01
1.924350975230330321e-03 2.638748170124830539e-01
1.955650715865949168e-03 2.652598357726269063e-01
1.987459549580983600e-03 2.666517063214545735e-01
2.019785756819878538e-03 2.680504555770740760e-01
2.052637752709252084e-03 2.694561104397990015e-01
2.086024089248502810e-03 2.708686977894148029e-01
2.119953457536071038e-03 2.722882444823788717e-01
2.154434690031884272e-03 2.737147773489671532e-01
2.189476762856620851e-03 2.751483231903595339e-01
2.225088798128369450e-03 2.765889087756662201e-01
2.261280066337277312e-03 2.780365608388904453e-01
2.298059988758851136e-03 2.794913060758307810e-01
2.335438139906479207e-03 2.809531711409181121e-01
2.373424250023866040e-03 2.824221826439889393e-01
2.412028207618007077e-03 2.838983671469922920e-01
2.451260062033337479e-03 2.853817511606293045e-01
2.491130026067788373e-03 2.868723611409260688e-01
2.531648478631355528e-03 2.883702234857351554e-01
2.572825967447932034e-03 2.898753645311682448e-01
2.614673211801091940e-03 2.913878105479565384e-01
2.657201105324503987e-03 2.929075877377379511e-01
2.700420718837772543e-03 2.944347222292705291e-01
2.744343303228365376e-03 2.959692400745707053e-01
2.788980292380439669e-03 2.975111672449737843e-01
2.834343306151309184e-03 2.990605296271178770e-01
2.880444153396298067e-03 3.006173530188470666e-01
2.927294835042816134e-03 3.021816631250352492e-01
2.974907547214440586e-03 3.037534855533270961e-01
3.023294684405776565e-03 3.053328458097956388e-01
3.072468842709003348e-03 3.069197692945154765e-01
3.122442823092857773e-03 3.085142812970493864e-01
3.173229634734976452e-03 3.101164069918472821e-01
3.224842498408442022e-03 3.117261714335561873e-01
3.277294849923382148e-03 3.133435995522391715e-01
3.330600343624588386e-03 3.149687161485026921e-01
3.384772855945983230e-03 3.166015458885292899e-01
3.439826489022924580e-03 3.182421132990157497e-01
3.495775574363275268e-03 3.198904427620142821e-01
3.552634676578139260e-03 3.215465585096746182e-01
3.610418597173337477e-03 3.232104846188869618e-01
3.669142378402494038e-03 3.248822450058217459e-01
3.728821307182833642e-03 3.265618634203664161e-01
3.789470919074667578e-03 3.282493634404585747e-01
3.851107002325568872e-03 3.299447684663087133e-01
3.913745601980383668e-03 3.316481017145177512e-01
3.977403024058036828e-03 3.333593862120811657e-01
4.042095839796306170e-03 3.350786447902825982e-01
4.107840889965646940e-03 3.368059000784725532e-01
4.174655289253134671e-03 3.385411744977307458e-01
4.242556430717777174e-03 3.402844902544093220e-01
4.311561990318228677e-03 3.420358693335595057e-01
4.381689931514189812e-03 3.437953334922326798e-01
4.452958509942655727e-03 3.455629042526590089e-01
4.525386278170166754e-03 3.473386028952997195e-01
4.598992090522438167e-03 3.491224504517712601e-01
4.673795107992463616e-03 3.509144676976400090e-01
4.749814803228499978e-03 3.527146751450833118e-01
4.827070965603183494e-03 3.545230930354174026e-01
4.905583706365045267e-03 3.563397413314876583e-01
4.985373463873893699e-03 3.581646397099202406e-01
5.066461008921268640e-03 3.599978075532331290e-01
5.148867450137492065e-03 3.618392639418024914e-01
5.232614239486662287e-03 3.636890276456848370e-01
5.317723177850971691e-03 3.655471171162893995e-01
5.404216420705915298e-03 3.674135504779012518e-01
5.492116483887789224e-03 3.692883455190512088e-01
5.581446249454960484e-03 3.711715196837293007e-01
5.672228971644543115e-03 3.730630900624420931e-01
5.764488282925878809e-03 3.749630733831074147e-01
5.858248200152535966e-03 3.768714860017878254e-01
5.953533130814370189e-03 3.787883438932579949e-01
6.050367879391217903e-03 3.807136626414027725e-01
6.148777653810022850e-03 3.826474574294453368e-01
6.248788072006894283e-03 3.845897430300014297e-01
6.350425168595961664e-03 3.865405337949563425e-01
6.453715401646701634e-03 3.884998436451641002e-01
6.558685659571428586e-03 3.904676860599624044e-01
6.665363268124913435e-03 3.924440740665048888e-01
6.773775997517751668e-03 3.944290202289030267e-01
6.883952069645496441e-03 3.964225366371790793e-01
6.995920165435374691e-03 3.984246348960242545e-01
7.109709432312431160e-03 4.004353261133591912e-01
7.225349491787214085e-03 4.024546208886962129e-01
7.342870447166765027e-03 4.044825293012960787e-01
7.462302891391108146e-03 4.065190608981201770e-01
7.583677914997190468e-03 4.085642246815720524e-01
7.707027114212295846e-03 4.106180290970262714e-01
7.832382599179196422e-03 4.126804820201417368e-01
7.959777002314986222e-03 4.147515907439538463e-01
8.089243486805938743e-03 4.168313619657456615e-01
8.220815755240541353e-03 4.189198017736913138e-01
8.354528058382862735e-03 4.210169156332693730e-01
8.490415204088747059e-03 4.231227083734446781e-01
8.628512566366895731e-03 4.252371841719544410e-01
8.768856094587426653e-03 4.273603465442904481e-01
8.911482322840202572e-03 4.294921983226006601e-01
9.056428379445294677e-03 4.316327416474561307e-01
9.203731996618221695e-03 4.337819779495312167e-01
9.353431520292386156e-03 4.359399079349627337e-01
9.505565920101191960e-03 4.381065315697922902e-01
9.660174799522646544e-03 4.402818480641479404e-01
9.817298406188841586e-03 4.424658558561552768e-01
9.976977642363202281e-03 4.446585525955795704e-01
1.013925407558815411e-02 4.468599351271917985e-01
1.030416994950587514e-02 4.490699994738540646e-01
1.047176819485520251e-02 4.512887408193232419e-01
1.064209244064724669e-02 4.535161534907649061e-01
1.081518702552288110e-02 4.557522309409756667e-01
1.099109700929497280e-02 4.579969657303105124e-01
1.116986818467822530e-02 4.602503495083061780e-01
1.135154708920999012e-02 4.625123729950029738e-01
1.153618101736478448e-02 4.647830259619537552e-01
1.172381803286598467e-02 4.670622972129209183e-01
1.191450698119776025e-02 4.693501745642534306e-01
1.210829750232039412e-02 4.716466448249412302e-01
1.230524004359261590e-02 4.739516937763413873e-01
1.250538587290391315e-02 4.762653061515719766e-01
1.270878709202058129e-02 4.785874656145673312e-01
1.291549665014883955e-02 4.809181547387934574e-01
1.312556835771842845e-02 4.832573549856137851e-01
1.333905690039058692e-02 4.856050466823051970e-01
1.355601785329368925e-02 4.879612089997159563e-01
1.377650769549053529e-02 4.903258199295622566e-01
1.400058382468097502e-02 4.926988562613582312e-01
1.422830457214351897e-02 4.950802935589733722e-01
1.445972921792019507e-02 4.974701061368141941e-01
1.469491800624817164e-02 4.998682670356222602e-01
1.493393216124251806e-02 5.022747479978859619e-01
1.517683390283405299e-02 5.046895194428597797e-01
1.542368646296627364e-02 5.071125504411846396e-01
1.567455410205595076e-02 5.095438086891064255e-01
1.592950212572123020e-02 5.119832604822858180e-01
1.618859690178197502e-02 5.144308706891924654e-01
1.645190587753662601e-02 5.168866027240828220e-01
1.671949759731990170e-02 5.193504185182927779e-01
1.699144172034626130e-02 5.218222784973703954e-01
1.726780903884355886e-02 5.243021415452751022e-01
1.754867149648150354e-02 5.267899649805913853e-01
1.783410220710008112e-02 5.292857045260906945e-01
1.812417547374237797e-02 5.317893142790732774e-01
1.841896680799710861e-02 5.343007466812561557e-01
1.871855294965579092e-02 5.368199524881954732e-01
1.902301188668944001e-02 5.393468807382388874e-01
1.933242287555045347e-02 5.418814787210042283e-01
1.964686646180446514e-02 5.444236919453750989e-01
1.996642450109793396e-02 5.469734641070123082e-01
2.029118018046677935e-02 5.495307370553714765e-01
2.062121803999142355e-02 5.520954507602212624e-01
2.095662399480432980e-02 5.546675432776611014e-01
2.129748535745520921e-02 5.572469507156255775e-01
2.164389086064020390e-02 5.598336071988758711e-01
2.199593068030074663e-02 5.624274448334700693e-01
2.235369645909794298e-02 5.650283936707034549e-01
2.271728133026905058e-02 5.676363816705219945e-01
2.308677994187169694e-02 5.702513346643909298e-01
2.346228848142262527e-02 5.728731763176247993e-01
2.384390470093720321e-02 5.755018280911649020e-01
2.423172794237598085e-02 5.781372092028020937e-01
2.462585916350546605e-02 5.807792365878399199e-01
2.502640096417919208e-02 5.834278248591893146e-01
2.543345761304648123e-02 5.860828862668936434e-01
2.584713507469563881e-02 5.887443306570752100e-01
2.626754103723835665e-02 5.914120654302984503e-01
2.669478494034320873e-02 5.940859954993475966e-01
2.712897800372467139e-02 5.967660232464084835e-01
2.757023325609582465e-02 5.994520484796524995e-01
2.801866556459195468e-02 6.021439683892195749e-01
2.847439166467244723e-02 6.048416775025889924e-01
2.893753019050950351e-02 6.075450676393390204e-01
2.940820170587063812e-02 6.102540278652879291e-01
2.988652873550382699e-02 6.129684444460126169e-01
3.037263579703311511e-02 6.156882007997399597e-01
3.086664943337274342e-02 6.184131774496044454e-01
3.136869824566876352e-02 6.211432519752735359e-01
3.187891292677645649e-02 6.238782989639296561e-01
3.239742629528195167e-02 6.266181899606098060e-01
3.292437333007768724e-02 6.293627934178975813e-01
3.345989120549974771e-02 6.321119746449638255e-01
3.400411932703706341e-02 6.348655957559479202e-01
3.455719936762139538e-02 6.376235156176941477e-01
3.511927530450727891e-02 6.403855897968110389e-01
3.569049345675229939e-02 6.431516705060800199e-01
3.627100252330648505e-02 6.459216065501897086e-01
3.686095362172157885e-02 6.486952432708085192e-01
3.746050032748993175e-02 6.514724224909848038e-01
3.806979871402284277e-02 6.542529824588730891e-01
3.868900739327975347e-02 6.570367577907930690e-01
3.931828755705769896e-02 6.598235794136098065e-01
3.995780301895269365e-02 6.626132745064432505e-01
4.060772025700365440e-02 6.654056664417010714e-01
4.126820845702951907e-02 6.682005747254383676e-01
4.193943955667186335e-02 6.709978149370443568e-01
4.262158829015325057e-02 6.737971986682538272e-01
4.331483223376398489e-02 6.765985334614901259e-01
4.401935185208874501e-02 6.794016227475374592e-01
4.473533054498463057e-02 6.822062657825466170e-01
4.546295469532399269e-02 6.850122575843756723e-01
4.620241371751312998e-02 6.878193888682729851e-01
4.695390010680058207e-02 6.906274459818999567e-01
4.771760948938745528e-02 6.934362108397047475e-01
4.849374067335233268e-02 6.962454608566476244e-01
4.928249570040513228e-02 6.990549688812879303e-01
5.008407989848212560e-02 7.018645031282326752e-01
5.089870193519679953e-02 7.046738271099621809e-01
5.172657387216018920e-02 7.074826995680365549e-01
5.256791122018424772e-02 7.102908744036878774e-01
5.342293299538352497e-02 7.130981006078163098e-01
5.429186177618942899e-02 7.159041221903947871e-01
5.517492376129123216e-02 7.187086781092929533e-01
5.607234882852032976e-02 7.215115021985365473e-01
5.698437059469142058e-02 7.243123230960120118e-01
5.791122647641758214e-02 7.271108641706320874e-01
5.885315775191450605e-02 7.299068434489762724e-01
5.981040962380938103e-02 7.326999735414246873e-01
6.078323128297229844e-02 7.354899615677985558e-01
6.177187597338494596e-02 7.382765090825313958e-01
6.277660105806499857e-02 7.410593119993842404e-01
6.379766808606282535e-02 7.438380605157323133e-01
6.483534286054720708e-02 7.466124390364385910e-01
6.588989550799949357e-02 7.493821260973468901e-01
6.696160054853221577e-02 7.521467942884032531e-01
6.805073696735206012e-02 7.549061101764575898e-01
6.915758828738524655e-02 7.576597342277464620e-01
7.028244264308344813e-02 7.604073207301025317e-01
7.142559285543126357e-02 7.631485177149193166e-01
7.258733650817253413e-02 7.658829668789013390e-01
7.376797602527730702e-02 7.686103035056339738e-01
7.496781874966876313e-02 7.713301563870142985e-01
7.618717702322991281e-02 7.740421477445735832e-01
7.742636826811269413e-02 7.767458931507391640e-01
7.868571506936851423e-02 7.794410014500707806e-01
7.996554525892346499e-02 7.821270746805225604e-01
8.126619200091945994e-02 7.848037079947718375e-01
8.258799387844263651e-02 7.874704895816633243e-01
8.393129498166364277e-02 7.901270005878258118e-01
8.529644499741025065e-02 7.927728150395054740e-01
8.668379930019773361e-02 7.954074997646785050e-01
8.809371904473990711e-02 7.980306143154997089e-01
8.952657125996391074e-02 8.006417108911449976e-01
9.098272894455558535e-02 8.032403342611162955e-01
9.246257116405742771e-02 8.058260216890695826e-01
9.396648314954690606e-02 8.083983028572399032e-01
9.549485639791965852e-02 8.109566997915353959e-01
9.704808877380306786e-02 8.135007267873715087e-01
9.862658461312820424e-02 8.160298903363275569e-01
1.002307548283864341e-01 8.185436890537067800e-01
1.018610170155975214e-01 8.210416136070859405e-01
1.035177955630176283e-01 8.235231466459369543e-01
1.052015217616159015e-01 8.259877627324234695e-01
1.069126339173477186e-01 8.284349282734566611e-01
1.086515774652537236e-01 8.308641014541183756e-01
1.104188050854160164e-01 8.332747321725516576e-01
1.122147768207980290e-01 8.356662619764232414e-01
1.140399601970033122e-01 8.380381240010752464e-01
1.158948303439811811e-01 8.403897429094795424e-01
1.177798701197118048e-01 8.427205348341094693e-01
1.196955702359042834e-01 8.450299073208650258e-01
1.216424293857368000e-01 8.473172592751665455e-01
1.236209543736769140e-01 8.495819809103624110e-01
1.256316602474121524e-01 8.518234536985832550e-01
1.276750704319264407e-01 8.540410503241820939e-01
1.297517168657586761e-01 8.562341346399244824e-01
1.318621401394748371e-01 8.584020616260600312e-01
1.340068896363950657e-01 8.605441773524515892e-01
1.361865236756082675e-01 8.626598189439187436e-01
1.384016096573130183e-01 8.647483145489650580e-01
1.406527242105236331e-01 8.668089833120680154e-01
1.429404533431760937e-01 8.688411353497078604e-01
1.452653925946781333e-01 8.708440717303244094e-01
1.476281471909391130e-01 8.728170844583968968e-01
1.500293322019216613e-01 8.747594564628411451e-01
1.524695727017572888e-01 8.766704615899306718e-01
1.549495039314631728e-01 8.785493646009545632e-01
1.574697714643086832e-01 8.803954211748281633e-01
1.600310313738701751e-01 8.822078779158800677e-01
1.626339504048190665e-01 8.839859723670476788e-01
1.652792061464893880e-01 8.857289330287198004e-01
1.679674872092653259e-01 8.874359793834633026e-01
1.706994934038408018e-01 8.891063219268962037e-01
1.734759359233932485e-01 8.907391622049550817e-01
1.762975375287204050e-01 8.923336928578271543e-01
1.791650327363899509e-01 8.938890976708167013e-01
1.820791680099462517e-01 8.954045516324271592e-01
1.850407019542302245e-01 8.968792209999417731e-01
1.880504055128583429e-01 8.983122633727996798e-01
1.911090621689136015e-01 8.997028277740678481e-01
1.942174681489024501e-01 9.010500547403131888e-01
1.973764326300255501e-01 9.023530764201959098e-01
2.005867779508233861e-01 9.036110166821028633e-01
2.038493398252464173e-01 9.048229912311503975e-01
2.071649675602066920e-01 9.059881077358974411e-01
2.105345242766703817e-01 9.071054659651101026e-01
2.139588871343421628e-01 9.081741579349319471e-01
2.174389475600080057e-01 9.091932680668115552e-01
2.209756114795903281e-01 9.101618733565655095e-01
2.245697995539771563e-01 9.110790435549367405e-01
2.282224474186896335e-01 9.119438413600357007e-01
2.319345059274427467e-01 9.127553226220405103e-01
2.357069413996727703e-01 9.135125365605668568e-01
2.395407358720879343e-01 9.142145259950801295e-01
2.434368873543112932e-01 9.148603275887756681e-01
2.473964100886811568e-01 9.154489721063266972e-01
2.514203348142796668e-01 9.159794846859160566e-01
2.555097090352507205e-01 9.164508851259759448e-01
2.596655972934872603e-01 9.168621881870552270e-01
2.638890814457512946e-01 9.172124039092507397e-01
2.681812609453013141e-01 9.175005379456279142e-01
2.725432531281027915e-01 9.177255919120757000e-01
2.769761935036890721e-01 9.178865637540284395e-01
2.814812360507581435e-01 9.179824481305032258e-01
2.860595535175745052e-01 9.180122368158930568e-01
2.907123377272575193e-01 9.179749191199610969e-01
2.954407998880380082e-01 9.178694823264862412e-01
3.002461709085549324e-01 9.176949121509997420e-01
3.051297017182870719e-01 9.174501932180634256e-01
3.100926635931929853e-01 9.171343095585293703e-01
3.151363484866476217e-01 9.167462451272231361e-01
3.202620693657650119e-01 9.162849843414850870e-01
3.254711605531848129e-01 9.157495126410093444e-01
3.307649780744242318e-01 9.151388170693958157e-01
3.361449000108768792e-01 9.144518868778470644e-01
3.416123268585524730e-01 9.136877141514158085e-01
3.471686818926559281e-01 9.128452944582059470e-01
3.528154115380883193e-01 9.119236275219242405e-01
3.585539857459816848e-01 9.109217179181586799e-01
3.643858983763548220e-01 9.098385757947557995e-01
3.703126675869923279e-01 9.086732176166427699e-01
3.763358362286532977e-01 9.074246669354389949e-01
3.824569722466998889e-01 9.060919551841690733e-01
3.886776690892667641e-01 9.046741224973771089e-01
3.949995461220646709e-01 9.031702185569181474e-01
4.014242490499317917e-01 9.015793034636825354e-01
4.079534503452448835e-01 8.999004486354740262e-01
4.145888496832911274e-01 8.981327377312464666e-01
4.213321743847289191e-01 8.962752676018659326e-01
4.281851798652415719e-01 8.943271492675327616e-01
4.351496500925045585e-01 8.922875089219708400e-01
4.422273980505896929e-01 8.901554889634426537e-01
4.494202662119142211e-01 8.879302490526216340e-01
4.567301270168747096e-01 8.856109671973000363e-01
4.641588833612781961e-01 8.831968408638747325e-01
4.717084690917012768e-01 8.806870881154968966e-01
4.793808495089106891e-01 8.780809487767277099e-01
4.871780218794630746e-01 8.753776856244910309e-01
4.951020159556351330e-01 8.725765856050423652e-01
5.031548945038056830e-01 8.696769610766320602e-01
5.113387538414321254e-01 8.666781510774728137e-01
5.196557243827657491e-01 8.635795226185410955e-01
5.281079711934331122e-01 8.603804720006977824e-01
5.366976945540475885e-01 8.570804261555191594e-01
5.454271305329836395e-01 8.536788440091647168e-01
5.542985515684663023e-01 8.501752178685262340e-01
5.633142670601352098e-01 8.465690748288149381e-01
5.724766239702178128e-01 8.428599782016706898e-01
5.817880074344935482e-01 8.390475289627669087e-01
5.912508413831881748e-01 8.351313672178128922e-01
6.008675891719680306e-01 8.311111736857388355e-01
6.106407542232036301e-01 8.269866711977639229e-01
6.205728806776500406e-01 8.227576262109391747e-01
6.306665540567405470e-01 8.184238503346411564e-01
6.409244019356457045e-01 8.139852018683956247e-01
6.513490946272796345e-01 8.094415873492856184e-01
6.619433458774387491e-01 8.047929631070881440e-01
6.727099135712336642e-01 8.000393368251621506e-01
6.836516004510237998e-01 7.951807691049814775e-01
6.947712548460239779e-01 7.902173750320892198e-01
7.060717714137765277e-01 7.851493257411182869e-01
7.175560918936920718e-01 7.799768499773862551e-01
7.292272058728312967e-01 7.747002356524549382e-01
7.410881515641569717e-01 7.693198313908873320e-01
7.531420165974375136e-01 7.638360480653206830e-01
7.653919388230155940e-01 7.582493603168233287e-01
7.778411071286481793e-01 7.525603080573630699e-01
7.904927622696420464e-01 7.467694979510837161e-01
8.033501977124734017e-01 7.408776048709448947e-01
8.164167604921471755e-01 7.348853733271251132e-01
8.296958520834915030e-01 7.287936188634758228e-01
8.431909292866250905e-01 7.226032294181488069e-01
8.569055051268347212e-01 7.163151666444022014e-01
8.708431497690723999e-01 7.099304671874517858e-01
8.850074914473438081e-01 7.034502439130905227e-01
8.994022174092053401e-01 6.968756870836888551e-01
9.140310748756222958e-01 6.902080654770550439e-01
9.288978720164497993e-01 6.834487274435124826e-01
9.440064789417603741e-01 6.765991018964544468e-01
9.593608287093147169e-01 6.696606992314988460e-01
9.749649183484095927e-01 6.626351121693017099e-01
9.908228099003787426e-01 6.555240165169693434e-01
1.006938631476027135e+00 6.483291718429337047e-01
1.023316578330244919e+00 6.410524220600983814e-01
1.039960913954120381e+00 6.336956959119676158e-01
1.056875971184805030e+00 6.262610073564522928e-01
1.074066153333432361e+00 6.187504558419937295e-01
1.091535935331391149e+00 6.111662264706200220e-01
1.109289864895222744e+00 6.035105900425586922e-01
1.127332563710487179e+00 5.957859029770081749e-01
1.145668728634872569e+00 5.879946071037249755e-01
1.164303132920875505e+00 5.801392293201051986e-01
1.183240627458377991e+00 5.722223811085080936e-01
1.202486142037412220e+00 5.642467579086660745e-01
1.222044686631488686e+00 5.562151383400915083e-01
1.241921352701784720e+00 5.481303832695663125e-01
1.262121314522546056e+00 5.399954347189143133e-01
1.282649830528059809e+00 5.318133146084398355e-01
1.303512244681508836e+00 5.235871233316427009e-01
1.324713987866117382e+00 5.153200381569980060e-01
1.346260579298911075e+00 5.070153114528946903e-01
1.368157627967470535e+00 4.986762687320794307e-01
1.390410834090069603e+00 4.903063065122755804e-01
1.413025990599533710e+00 4.819088899900008105e-01
1.436008984651260700e+00 4.734875505249550587e-01
1.459365799155757593e+00 4.650458829327807631e-01
1.483102514336102962e+00 4.565875425844256874e-01
1.507225309310755490e+00 4.481162423107965531e-01
1.531740463702079724e+00 4.396357491119170513e-01
1.556654359271061994e+00 4.311498806703011888e-01
1.581973481578601515e+00 4.226625016688492220e-01
1.607704421673822104e+00 4.141775199141511377e-01
1.633853877809860355e+00 4.056988822667058070e-01
1.660428657187529522e+00 3.972305703802411214e-01
1.687435677727375793e+00 3.887765962529728392e-01
1.714881969870540868e+00 3.803409975943770061e-01
1.742774678408917310e+00 3.719278330117858355e-01
1.771121064345086760e+00 3.635411770218637262e-01
1.799928506782476401e+00 3.551851148928361623e-01
1.829204504846293711e+00 3.468637373241146293e-01
1.858956679635688225e+00 3.385811349708128803e-01
1.889192776207664348e+00 3.303413928214805617e-01
1.919920665593282783e+00 3.221485844382203090e-01
1.951148346846616422e+00 3.140067660692449913e-01
1.982883949127071332e+00 3.059199706447536804e-01
2.015135733815558439e+00 2.978922016679129148e-01
2.047912096665083226e+00 2.899274270135708820e-01
2.081221569986337006e+00 2.820295726481894527e-01
2.115072824868794665e+00 2.742025162853421461e-01
2.149474673437980599e+00 2.664500809919213564e-01
2.184436071149428393e+00 2.587760287610337828e-01
2.219966119119952452e+00 2.511840540683254464e-01
2.256074066496859043e+00 2.436777774292159804e-01
2.292769312865648779e+00 2.362607389752499620e-01
2.330061410696924629e+00 2.289363920683977482e-01
2.367960067833078774e+00 2.217080969727772133e-01
2.406475150015421782e+00 2.145791146038027175e-01
2.445616683452444207e+00 2.075526003752511950e-01
2.485394857429798599e+00 2.006315981651732305e-01
2.525820026962784848e+00 1.938190344218825301e-01
2.566902715491951703e+00 1.871177124315494544e-01
2.608653617622550769e+00 1.805303067690741392e-01
2.651083601908536203e+00 1.740593579539984614e-01
2.694203713681882384e+00 1.677072673331849451e-01
2.738025177927857712e+00 1.614762922118814781e-01
2.782559402207125832e+00 1.553685412545231515e-01
2.827817979625343980e+00 1.493859701763005088e-01
2.873812691851063583e+00 1.435303777460379404e-01
2.920555512182744895e+00 1.378034021203369819e-01
2.968058608665602449e+00 1.322065175282404192e-01
3.016334347259197468e+00 1.267410313248092391e-01
3.065395295056529967e+00 1.214080814310639356e-01
3.115254223555484980e+00 1.162086341766365993e-01
3.165924111983520639e+00 1.111434825602613530e-01
3.217418150676371713e+00 1.062132449419005836e-01
3.269749744511767808e+00 1.014183641788181656e-01
3.322932516398974911e+00 9.675910721634771450e-02
3.376980310825087983e+00 9.223556514239522608e-02
3.431907197459042713e+00 8.784765371290841063e-02
3.487727474814177775e+00 8.359511435365035714e-02
3.544455673970435594e+00 7.947751564159322157e-02
3.602106562357073827e+00 7.549425526718353541e-02
3.660695147596898735e+00 7.164456247655956456e-02
3.720236681413065849e+00 6.792750099057941193e-02
3.780746663599349411e+00 6.434197239525664413e-02
3.842240846055060999e+00 6.088671999587313977e-02
3.904735236885564120e+00 5.756033312472361163e-02
3.968246104569477684e+00 5.436125189009701625e-02
4.032789982193705214e+00 5.128777235176919247e-02
4.098383671757261482e+00 4.833805210598188934e-02
4.165044248545185290e+00 4.551011626060569304e-02
4.232789065573553167e+00 4.280186377899252576e-02
4.301635758106790774e+00 4.021107416888867331e-02
4.371602248248501965e+00 3.773541449074663268e-02
4.442706749606882610e+00 3.537244665786172526e-02
4.514967772036102112e+00 3.311963499895910490e-02
4.588404126454761034e+00 3.097435405222690938e-02
4.663034929742726931e+00 2.893389655830789012e-02
4.738879609717651320e+00 2.699548161846576991e-02
4.815957910192350866e+00 2.515626298304353761e-02
4.894289896114531579e+00 2.341333743442853416e-02
4.973895958790067517e+00 2.176375322807211007e-02
5.054796821191235523e+00 2.020451855466163377e-02
5.137013543351338640e+00 1.873260998633738406e-02
5.220567527846974976e+00 1.734498086988926074e-02
5.305480525369573819e+00 1.603856963015165560e-02
5.391774640387505535e+00 1.481030794736280971e-02
5.479472336900281348e+00 1.365712877304564414e-02
5.568596444286408875e+00 1.257597415001152595e-02
5.659170163246242780e+00 1.156380280338124844e-02
5.751217071841614015e+00 1.061759747103963210e-02
5.844761131633637419e+00 9.734371943701124533e-03
5.939826693920350564e+00 8.911177786732317474e-03
6.036438506075863408e+00 8.145110718050308993e-03
6.134621717992506440e+00 7.433316618774487954e-03
6.234401888627863819e+00 6.772997155827972272e-03
6.335804992658253809e+00 6.161414998354007577e-03
6.438857427240412434e+00 5.595898612597688913e-03
6.543586018883228661e+00 5.073846622786795137e-03
6.650018030431118277e+00 4.592731728501133620e-03
6.758181168161110364e+00 4.150104172015518962e-03
6.868103588995307263e+00 3.743594752118584688e-03
6.979813907830652475e+00 3.370917383911520813e-03
7.093341204987989812e+00 3.029871207055006340e-03
7.208715033782135073e+00 2.718342247830634380e-03
7.325965428215230446e+00 2.434304643184806612e-03
7.445122910795142879e+00 2.175821437608369772e-03
7.566218500481046938e+00 1.941044966243457700e-03
7.689283720758305130e+00 1.728216839981326983e-03
7.814350607844541940e+00 1.535667550499409621e-03
7.941451719029339884e+00 1.361815715162096371e-03
8.070620141149507987e+00 1.205166983465243624e-03
8.201889499202211553e+00 1.064312628222072003e-03
8.335293965098186320e+00 9.379278459601070534e-04
8.470868266557403103e+00 8.247697920383306909e-04
8.608647696149244410e+00 7.236753765975660786e-04
8.748668120479914379e+00 6.335588484367163853e-04
8.890965989529167501e+00 5.534091933331665740e-04
9.035578346138921191e+00 4.822873741558273320e-04
9.182542835656281710e+00 4.193234393519906984e-04
9.331897715733239451e+00 3.637135260818335786e-04
9.483681866285927242e+00 3.147167835458225039e-04
9.637934799615795356e+00 2.716522411456786688e-04
9.794696670695385521e+00 2.338956450303429635e-04
9.954008287621517681e+00 2.008762853251356488e-04
1.011591112223829825e+01 1.720738349464735230e-04
1.028044732093309754e+01 1.470152193882477904e-04
1.044765971560805262e+01 1.252715352531631222e-04
1.061759183482999092e+01 1.064550336160025425e-04
1.079028791516183539e+01 9.021618256981444174e-05
1.096579291267809886e+01 7.624082154352070095e-05
1.114415251466788170e+01 6.424741821262450767e-05
1.132541315152812622e+01 5.398443707517790668e-05
1.150962200885031095e+01 4.522782705259819280e-05
1.169682703970384630e+01 3.777863381779785043e-05
1.188707697711903322e+01 3.146074096783730585e-05
1.208042134677328860e+01 2.611874265929221384e-05
1.227691047988360395e+01 2.161594892416520618e-05
1.247659552630868518e+01 1.783252359236956299e-05
1.267952846786433874e+01 1.466375357141967638e-05
1.288576213185518071e+01 1.201844718045042378e-05
1.309535020482667633e+01 9.817458307290473940e-06
1.330834724654076062e+01 7.992332355230461849e-06
1.352480870417874037e+01 6.484069269432350717e-06
1.374479092677536585e+01 5.241998378944637190e-06
1.396835117988739761e+01 4.222759354643497052e-06
1.419554766050101513e+01 3.389382611058374786e-06
1.442643951218158804e+01 2.710466935270523420e-06
1.466108684046982980e+01 2.159437578061816644e-06
1.489955072852853668e+01 1.713892782405323566e-06
1.514189325304351996e+01 1.355021226334784551e-06
1.538817750038346333e+01 1.067088798321072645e-06
1.563846758302247864e+01 8.369878476757879302e-07
1.589282865622976360e+01 6.538430855508593054e-07
1.615132693503089456e+01 5.086685795285687242e-07
1.641402971144466605e+01 3.940705838241557833e-07
1.668100537200059108e+01 3.039912692812127764e-07
1.695232341554121547e+01 2.334862592502107701e-07
1.722805447131392143e+01 1.785472764119399280e-07
1.750827031735723338e+01 1.359255098843874059e-07
1.779304389918577201e+01 1.030084449218853159e-07
1.808244934877951593e+01 7.770278328929724549e-08
1.837656200388172323e+01 5.833906258174830669e-08
1.867545842761074226e+01 4.359213642153657500e-08
1.897921642839099476e+01 3.241521210581728914e-08
1.928791508020777812e+01 2.398541336847490489e-08
1.960163474319185539e+01 1.765908656001404351e-08
1.992045708453871100e+01 1.293529821187436178e-08
2.024446509976801778e+01 9.426180583279798748e-09
2.057374313432911705e+01 6.832969739480630158e-09
2.090837690555749973e+01 4.926748660333453046e-09
2.124845352498882889e+01 3.533056769411303502e-09
2.159406152103567678e+01 2.519658245073601602e-09
2.194529086203311508e+01 1.786875802763600750e-09
2.230223297965936169e+01 1.259995684165936729e-09
2.266498079273692667e+01 8.833347549798091156e-10
2.303362873142131306e+01 6.156333006907597012e-10
2.340827276178294269e+01 4.264986891910833097e-10
2.378901041078890799e+01 2.936768540268586261e-10
2.417594079169128207e+01 2.009717803278997700e-10
2.456916462982790250e+01 1.366689958164036380e-10
2.496878428884326695e+01 9.234853280529517336e-11
2.537490379733571544e+01 6.199688316302464181e-11
2.578762887593803654e+01 4.134696389794265316e-11
2.620706696483849996e+01 2.739079336406964688e-11
2.663332725174980808e+01 1.802209869765393744e-11
2.706652070033241131e+01 1.177599622015627282e-11
2.750676007908067433e+01 7.640688347845182071e-12
2.795415999067859403e+01 4.922208940370358810e-12
2.840883690183301269e+01 3.147963745495344012e-12
2.887090917359234510e+01 1.998435252085684821e-12
2.934049709215787161e+01 1.259183005948703108e-12
2.981772290019673477e+01 7.873592192023863521e-13
3.030271082866399368e+01 4.885266813481216164e-13
3.079558712914223406e+01 3.007323210663503227e-13
3.129648010670750580e+01 1.836507130683716693e-13
3.180552015332919780e+01 1.112420972152760348e-13
3.232283978181380490e+01 6.682703211541303452e-14
3.284857366030046677e+01 3.980916992393617687e-14
3.338285864731757613e+01 2.351270236466949648e-14
3.392583382740991738e+01 1.376733925884785003e-14
3.447764054734464167e+01 7.990318887924106455e-15
3.503842245290675805e+01 4.596025463192155519e-15
3.560832552629281622e+01 2.619639496642735187e-15
3.618749812411276423e+01 1.479370536082599297e-15
3.677609101601030517e+01 8.276052285516905479e-16
3.737425742391064176e+01 4.585785556338287464e-16
3.798215306190736129e+01 2.516406865661314298e-16
3.859993617679771205e+01 1.367274869822904217e-16
3.922776758927715690e+01 7.354764702622530030e-17
3.986581073580438783e+01 3.916054348398312233e-17
4.051423171114647204e+01 2.063590187606240397e-17
4.117319931161679136e+01 1.076018359598724248e-17
4.184288507901584353e+01 5.550893156582972278e-18
4.252346334528677829e+01 2.832547997759440716e-18
4.321511127789761986e+01 1.429505870454350044e-18
4.391800892596086214e+01 7.133631082899424046e-19
4.463233926710397270e+01 3.519426469747511976e-19
4.535828825510191109e+01 1.716283041267037743e-19
4.609604486828428804e+01 8.271410899916797414e-20
4.684580115873045258e+01 3.938769078757723298e-20
4.760775230226368393e+01 1.852878306373893673e-20
4.838209664925957298e+01 8.608997093017284467e-21
4.916903577628031030e+01 3.949934989110918726e-21
4.996877453854878581e+01 1.789246049040828301e-21
5.078152112327670409e+01 8.000230176040337495e-22
5.160748710385907856e+01 3.530167297902830830e-22
5.244688749495119140e+01 1.536933516461852769e-22
5.329994080844092963e+01 6.600653649386707774e-23
5.416686911033146856e+01 2.795724775636862478e-23
5.504789807854967876e+01 1.167560680605881913e-23
5.594325706169377810e+01 4.806649532582810404e-24
5.685317913873753071e+01 1.950213506688538982e-24
5.777790117970506856e+01 7.796428082829999082e-25
5.871766390733249352e+01 3.070283263763945451e-25
5.967271195973310682e+01 1.190759897689068356e-25
6.064329395408061885e+01 4.546999952408540344e-26
6.162966255132942450e+01 1.709113662978284657e-26
6.263207452198692238e+01 6.321944177421864022e-27
6.365079081295564833e+01 2.300650962241202383e-27
6.468607661546320742e+01 8.234855710811889211e-28
6.573820143409585626e+01 2.898340258865342047e-28
6.680743915695614987e+01 1.002794391361882287e-28
6.789406812696113036e+01 3.409751072396544705e-29
6.899837121430010711e+01 1.139092096147846270e-29
7.012063589007176745e+01 3.737623258595112115e-30
7.126115430111745752e+01 1.204220000366752558e-30
7.242022334607315770e+01 3.808560136807701062e-31
7.359814475265771705e+01 1.182032488211777870e-31
7.479522515621813739e+01 3.598971748432513419e-32
7.601177617955322319e+01 1.074663597716277672e-32
7.724811451403400042e+01 3.146111878877001489e-33
7.850456200204509116e+01 9.027001627066339590e-34
7.978144572076628549e+01 2.537689892605368159e-34
8.107909806731677804e+01 6.987388276714703496e-35
8.239785684528511922e+01 1.883760910354584407e-35
8.373806535266488993e+01 4.970752668123915401e-36
8.510007247122246099e+01 1.283371722743192169e-36
8.648423275731727244e+01 3.240878276586798086e-37
8.789090653419962962e+01 8.001960721113267688e-38
8.932045998580959179e+01 1.931054393236144698e-38
9.077326525210223451e+01 4.552976022059553785e-39
9.224970052592173886e+01 1.048418614536739045e-39
9.375015015145289965e+01 2.356924416009684053e-40
9.527500472427300338e+01 5.170809204796567782e-41
9.682466119303113317e+01 1.106626055030907316e-41
9.839952296278225674e+01 2.309391591604056533e-42
1.000000000000000000e+02 4.697540374368469034e-43
